quad1: [-0.574859, -0.924478, -0.144620]
quad2: [-0.652874, -1.031587, -0.065164]
quad3: [-0.546212, -1.019858, 0.047292]
quad4: [-0.467148, -0.917941, -0.032260]