quad1: [-0.660985, 0.134508, -0.855604]
quad2: [-0.681889, 0.202484, -0.993015]
quad3: [-0.640601, 0.340248, -0.932404]
quad4: [-0.619991, 0.270478, -0.795225]