quad1: [-0.659237, 0.133747, -0.854946]
quad2: [-0.677392, 0.200074, -0.994035]
quad3: [-0.628644, 0.334537, -0.934944]
quad4: [-0.614599, 0.267737, -0.796013]