quad1: [-0.659347, 0.138519, -0.850830]
quad2: [-0.682745, 0.203599, -0.991512]
quad3: [-0.642622, 0.340786, -0.928893]
quad4: [-0.621669, 0.272848, -0.793889]