quad1: [-0.663132, 0.138451, -0.854556]
quad2: [-0.684137, 0.204752, -0.989718]
quad3: [-0.650418, 0.341645, -0.928072]
quad4: [-0.628120, 0.272211, -0.791814]
