iphone14pro_4.20_scene1-5

-5.114767993455701101e-01 -6.828352769473906569e-01 5.216583827442935473e-01 7.064652309919623729e-02
-3.425931246130650698e-01 -3.946961542541770340e-01 -8.525519906638069356e-01 4.327694848037023923e-02
7.880491321605960220e-01 -6.147771387853840919e-01 -3.205674543350225253e-02 -3.995019897018695781e-02
0.000000000000000000e+00 0.000000000000000000e+00 0.000000000000000000e+00 1.000000000000000000e+00

iphone14pro_4.21_scene6-10

-4.676897065853410917e-01 -7.279259360251080224e-01 5.013882427980218548e-01 4.759368800818258166e-02
-3.561230176533261016e-01 -3.639878766092723983e-01 -8.606330356074893828e-01 5.975556693258055052e-03
8.089763498716180390e-01 -5.810651059420481879e-01 -8.899779775337160470e-02 -2.515168967708883083e-02
0.000000000000000000e+00 0.000000000000000000e+00 0.000000000000000000e+00 1.000000000000000000e+00


iphone14pro_4.26_scene11-15

-4.546326202611805645e-01 -7.406595772874920991e-01 4.947045291552996105e-01 4.739270984919583679e-02
-3.115406865848450169e-01 -3.881025946654682590e-01 -8.673631169332567392e-01 6.495387367755275920e-02
8.344169109004782037e-01 -5.484521552389458598e-01 -5.430149369086165190e-02 -4.607592767004727724e-02
0.000000000000000000e+00 0.000000000000000000e+00 0.000000000000000000e+00 1.000000000000000000e+00


iphone14pro_5.1_scene16-20

-4.627994894473761445e-01 -7.436642020510133566e-01 4.824729911146091732e-01 5.989244663498719673e-02
-3.938707918841692357e-01 -3.150874107873179453e-01 -8.634730585628491717e-01 4.459658667104551139e-02
7.941551686338040872e-01 -5.896469097274856797e-01 -1.470853153140750380e-01 -2.696846597649450727e-02
0.000000000000000000e+00 0.000000000000000000e+00 0.000000000000000000e+00 1.000000000000000000e+00


iphone14pro_5.1_scene21-25

-2.829361719808149433e-01 -8.814233707957392916e-01 3.782062453211471054e-01 5.014019904195941846e-02
-4.320608239238359349e-01 -2.349183477786880858e-01 -8.707105226808665721e-01 4.370741096920354590e-02
8.563121901591143059e-01 -4.097636041573341492e-01 -3.143616097631720674e-01 -2.646361128443431784e-02
0.000000000000000000e+00 0.000000000000000000e+00 0.000000000000000000e+00 1.000000000000000000e+00

iphone14pro_5.1_scene26-30
-4.237976940743520271e-01 -7.490687592916586146e-01 5.092067442115403297e-01 3.458952479065389302e-02
-4.245741019005849770e-01 -3.323091431086988012e-01 -8.422039333805524386e-01 5.685161663946788208e-02
8.000827122820325377e-01 -5.731200810123628919e-01 -1.772033471687510797e-01 -3.565764663789911665e-02
0.000000000000000000e+00 0.000000000000000000e+00 0.000000000000000000e+00 1.000000000000000000e+00

iphone14pro_5.1_scene31-35
-4.644741031823526045e-01 -7.679292373918737979e-01 4.410765169805401786e-01 4.939955137015840381e-02
-5.165230957973008241e-01 -1.696549839401892967e-01 -8.392979673109108862e-01 4.203221259126509873e-02
7.193522773863456621e-01 -6.176583787037861484e-01 -3.178528405348751140e-01 -2.216504731662189212e-02
0.000000000000000000e+00 0.000000000000000000e+00 0.000000000000000000e+00 1.000000000000000000e+00

iphone14pro_5.3_scene36-40
-3.742335502574983819e-01 -8.118039289361048683e-01 4.482450566660743929e-01 3.654829456346733035e-04
-3.582997172923626517e-01 -3.192508432433792676e-01 -8.773256018586284011e-01 4.262652924280868616e-02
8.553189828653878779e-01 -4.889307517965044703e-01 -1.713947417449656341e-01 -3.486720019028993756e-02
0.000000000000000000e+00 0.000000000000000000e+00 0.000000000000000000e+00 1.000000000000000000e+00

iphone14pro_5.3_scene41-45
-4.610146824008386490e-01 -7.713038665917683057e-01 4.388118138695015213e-01 -3.601261283177787124e-04
-4.530215786905854580e-01 -2.206400747311270949e-01 -8.637646708816775210e-01 5.161701417847620876e-02
7.630445018814721037e-01 -5.969994160828222540e-01 -2.476989813164876819e-01 -2.550905233353480822e-02
0.000000000000000000e+00 0.000000000000000000e+00 0.000000000000000000e+00 1.000000000000000000e+00

iphone14pro_5.11_scene46-50
-4.641919594158026019e-01 -7.319311570574504877e-01 4.988011689463646148e-01 4.460829222125730492e-02
-4.520719272266271460e-01 -2.884960418894730871e-01 -8.440385100383220873e-01 4.226705079536232507e-02
7.616802461842641092e-01 -6.172898955455607961e-01 -1.969679857997988781e-01 -3.412504054552004118e-02
0.000000000000000000e+00 0.000000000000000000e+00 0.000000000000000000e+00 1.000000000000000000e+00

iphone14pro_5.11_scene51-55
-3.669463803700075966e-01 -7.587309046963262027e-01 5.382172128351567775e-01 4.072790347861252047e-02
-5.699777985845309036e-01 -2.738681142004849578e-01 -7.746751352308931526e-01 3.948016115099674261e-02
7.351704993088896689e-01 -5.910360989677068133e-01 -3.319648575722335959e-01 -3.144665967696599895e-02
0.000000000000000000e+00 0.000000000000000000e+00 0.000000000000000000e+00 1.000000000000000000e+00


iphone14pro_5.4_scene56-60
-3.671245640314497183e-01 -8.286867372591436576e-01 4.224900542918300639e-01 6.382823326315715910e-03
-4.142488837878904873e-01 -2.610179998294667736e-01 -8.719331775116208050e-01 3.542375058209797090e-02
8.328369688991988928e-01 -4.951241210603862242e-01 -2.474564365276750721e-01 -2.835320395187398979e-02
0.000000000000000000e+00 0.000000000000000000e+00 0.000000000000000000e+00 1.000000000000000000e+00

iphone14pro_5.4_scene61-65
-4.095675171117181268e-01 -8.089428565790747205e-01 4.217415129159434173e-01 3.992851085158696800e-02
-3.147115560115142374e-01 -3.086298323944399735e-01 -8.976103069088452457e-01 5.129694439885278817e-02
8.562774582106864596e-01 -5.003589524989697779e-01 -1.281789109580034058e-01 -4.097930364056604630e-02
0.000000000000000000e+00 0.000000000000000000e+00 0.000000000000000000e+00 1.000000000000000000e+00


iphone14pro_5.4_scene66-70
-3.836631610746512600e-01 -8.292829624821451695e-01 4.063155755949350301e-01 3.556801520443756554e-02
-3.302396428464580702e-01 -2.876846907999430769e-01 -8.989879292693450097e-01 3.453999226772276609e-02
8.624061439524013384e-01 -4.790900612788562274e-01 -1.634880914836664978e-01 -3.511182524025500962e-02
0.000000000000000000e+00 0.000000000000000000e+00 0.000000000000000000e+00 1.000000000000000000e+00

iphone14pro_5.4_scene71-75
-3.635430919177614628e-01 -8.139115345984797578e-01 4.531935945778818864e-01 1.846088594199811125e-02
-4.353247830823733788e-01 -2.816710608549088946e-01 -8.550752871596480897e-01 5.473684080829046422e-02
8.236071597267465849e-01 -5.081431169704238027e-01 -2.519162938803752305e-01 -3.214487027499030036e-02
0.000000000000000000e+00 0.000000000000000000e+00 0.000000000000000000e+00 1.000000000000000000e+00

iphone14pro_5.4_scene76-80
-4.536699643283460537e-01 -7.422086499134050719e-01 4.932645167250917506e-01 4.642810929662945230e-02
-4.133042417780307676e-01 -3.151437458603604247e-01 -8.543207964069400306e-01 5.284912986717359151e-02
7.895335123948856726e-01 -5.914480023119713659e-01 -1.637867313507846978e-01 -3.709781954721912134e-02
0.000000000000000000e+00 0.000000000000000000e+00 0.000000000000000000e+00 1.000000000000000000e+00


iphone14pro_5.4_scene81-85
-4.330213748288792019e-01 -7.827963752389106578e-01 4.469030362999676931e-01 5.318983226426485938e-02
-4.731245345692613458e-01 -2.246231845633055724e-01 -8.518788644785474373e-01 5.231210196165333309e-02
7.672324704611552804e-01 -5.803225481311767853e-01 -2.730935304993707402e-01 -3.185267513655835880e-02
0.000000000000000000e+00 0.000000000000000000e+00 0.000000000000000000e+00 1.000000000000000000e+00


iphone14pro_5.4_scene86-90
-4.003693694781776391e-01 -7.692443643813247078e-01 4.979633278176396338e-01 4.965524736221248875e-02
-3.768713359673509511e-01 -3.571056928262406616e-01 -8.546598857307359243e-01 5.606485441023744548e-02
8.352678397435342461e-01 -5.298477441856879189e-01 -1.469319702158358720e-01 -4.271515504172073568e-02
0.000000000000000000e+00 0.000000000000000000e+00 0.000000000000000000e+00 1.000000000000000000e+00

iphone14pro_5.11_scene91-95
-4.039958201951014960e-01 -7.758995249432043551e-01 4.845279191726693524e-01 4.379658594913451303e-02
-5.340807824721804931e-01 -2.299590759869723222e-01 -8.135579519401929804e-01 4.460368442238896863e-02
7.426608210069994831e-01 -5.874510622716819785e-01 -3.214905198867952230e-01 -3.048702317465326259e-02
0.000000000000000000e+00 0.000000000000000000e+00 0.000000000000000000e+00 1.000000000000000000e+00


iphone14pro_5.11_scene96-100
-4.254962995372512657e-01 -7.957805927785882583e-01 4.309131550986405879e-01 5.177352585848081501e-02
-4.552173392102510929e-01 -2.233260254608562811e-01 -8.619180125941194870e-01 4.828181857629718077e-02
7.821317492356677503e-01 -5.629020647579969783e-01 -2.672287266158688279e-01 -3.142023009426577612e-02
0.000000000000000000e+00 0.000000000000000000e+00 0.000000000000000000e+00 1.000000000000000000e+00

iphone14pro_5.18_scene101-105
-4.450596961242738736e-01 -7.361928627059478591e-01 5.098450115344765887e-01 4.484849129805582035e-02
-4.853902408962008641e-01 -2.801287237803753438e-01 -8.282054166424572816e-01 1.146942845033268460e-02
7.525411489935265319e-01 -6.160746440278155323e-01 -2.326668262935292220e-01 -2.411672616916711240e-02
0.000000000000000000e+00 0.000000000000000000e+00 0.000000000000000000e+00 1.000000000000000000e+00

iphone14pro_5.18_scene106-110
-3.506278666651518883e-01 -8.455106707494883800e-01 4.027056055812919255e-01 5.249065729286492288e-02
-3.898565613665234686e-01 -2.591974746056938672e-01 -8.836450252887191326e-01 1.268494656678962121e-02
8.515115740125409616e-01 -4.668279927412035679e-01 -2.387460251311089299e-01 -2.857377644464488206e-02
0.000000000000000000e+00 0.000000000000000000e+00 0.000000000000000000e+00 1.000000000000000000e+00

iphone14pro_5.18_scene111-115
-4.410524683204854468e-01 -7.627702527837826318e-01 4.729209888095176062e-01 5.229899485215069171e-02
-4.464479312756685081e-01 -2.706522251160040082e-01 -8.528960181050397882e-01 4.973876780955348471e-03
7.785608292536194686e-01 -5.873064911167937829e-01 -2.211653694500931300e-01 -2.853536223542492423e-02
0.000000000000000000e+00 0.000000000000000000e+00 0.000000000000000000e+00 1.000000000000000000e+00

iphone14pro_5.18_scene116-120
-3.923267824034681328e-01 -7.961555594679468051e-01 4.606691013484875974e-01 4.683794356185049662e-02
-4.350728878387086773e-01 -2.806379934833321266e-01 -8.555430432662849416e-01 9.956389067659224962e-03
8.104266025227879755e-01 -5.360770856340817403e-01 -2.362838974230810907e-01 -2.635337787375688703e-02
0.000000000000000000e+00 0.000000000000000000e+00 0.000000000000000000e+00 1.000000000000000000e+00
